4294967278,124
4294967278,121
4294967278,107
4294967279,57
4294967279,54
4294967279,52
4294967279,50
4294967279,49
4294967279,47
4294967279,43
4294967279,42
4294967279,41
4294967279,39
4294967279,38
4294967279,36
4294967279,30
4294967279,26
4294967279,19
4294967279,17
4294967279,16
4294967279,9
4294967279,8
4294967279,7
4294967279,6
4294967279,5
4294967279,4
0,5
4294967294,67
4294967294,93
4294967294,95
4294967294,1416
4294967294,52
4294967294,50
4294967294,12
4294967294,25
4294967294,26
4294967294,1100
4294967294,1097
4294967294,11
4294967294,81
4294967294,68
4294967293,131
4294967293,130
4294967293,129
4294967293,128
4294967293,127
4294967293,126
4294967293,125
4294967293,124
4294967293,123
4294967293,122
4294967293,121
4294967293,120
4294967293,119
4294967293,118
4294967293,117
4294967293,116
4294967293,115
4294967293,114
4294967293,113
4294967293,112
4294967293,111
4294967293,110
4294967293,109
4294967293,108
4294967293,107
4294967293,106
4294967293,105
4294967293,104
4294967293,103
4294967293,102
4294967293,101
4294967293,100
4294967293,99
4294967293,98
4294967293,97
4294967293,96
4294967293,95
4294967293,94
4294967293,93
4294967293,92
4294967293,91
4294967293,90
4294967293,89
4294967293,87
4294967293,86
4294967293,85
4294967293,84
4294967293,83
4294967293,82
4294967293,81
4294967293,80
4294967293,79
4294967293,78
4294967293,77
4294967293,76
4294967293,75
4294967293,74
4294967293,73
4294967293,72
4294967293,71
4294967293,70
4294967293,69
4294967293,68
4294967293,67
4294967293,66
4294967293,65
4294967293,64
4294967293,63
4294967293,62
4294967293,61
4294967293,60
4294967293,59
4294967293,58
4294967293,57
4294967293,56
4294967293,55
4294967293,54
4294967293,53
4294967293,52
4294967293,51
4294967293,50
4294967293,49
4294967293,48
4294967293,47
4294967293,46
4294967293,45
4294967293,44
4294967293,43
4294967293,42
4294967293,41
4294967293,40
4294967293,39
4294967293,38
4294967293,37
4294967293,36
4294967293,35
4294967293,34
4294967293,33
4294967293,32
4294967293,31
4294967293,30
4294967293,29
4294967293,28
4294967293,27
4294967293,26
4294967293,25
4294967293,24
4294967293,23
4294967293,22
4294967293,21
4294967293,20
4294967293,19
4294967293,18
4294967293,17
4294967293,16
4294967293,15
4294967293,14
4294967293,13
4294967293,12
4294967293,11
4294967293,10
4294967293,9
4294967293,8
4294967293,7
4294967293,6
4294967293,5
4294967293,4
4294967293,3
4294967278,174
4294967279,119
4294967279,118
4294967279,117
4294967279,116
4294967279,104
4294967279,103
4294967279,102
4294967279,101
4294967279,100
4294967279,99
4294967279,98
4294967279,97
4294967279,96
4294967279,95
4294967279,94
4294967279,93
4294967279,92
4294967279,91
4294967279,90
4294967279,89
4294967279,87
4294967279,86
4294967279,349
4294967278,312
4294967279,537
4294967279,185
4294967278,184
4294967279,183
4294967279,181
4294967279,180
4294967278,393
4294967279,302
4294967278,173
4294967278,172
4294967279,172
4294967279,171
4294967278,167
4294967278,163
4294967279,361
4294967278,291
4294967278,418
524,5
524,4
524,3
524,2
524,1
4294967294,436
4294967278,279
4294967279,366
4294967278,447
4294967279,558
4294967278,390
4294967278,421
4294967278,140
4294967278,142
523,5
523,4
523,3
523,2
523,1
4294967279,140
4294967278,139
4294967278,138
4294967278,277
4294967278,136
4294967279,135
4294967278,135
4294967279,134
521,4
4294967278,134
521,3
521,2
521,1
4294967278,332
4294967294,471
4294967278,133
4294967278,276
4294967279,270
4294967278,288
520,4
4294967279,283
520,3
520,2
520,1
4294967278,287
4294967278,274
4294967278,273
519,4
4294967278,270
519,3
519,2
519,1
4294967278,269
4294967278,268
4294967279,263
4294967278,267
518,4
518,3
518,2
518,1
4294967279,274
4294967278,281
4294967278,265
4294967278,339
4294967279,258
517,4
4294967278,264
517,3
517,2
517,1
4294967279,257
4294967278,285
516,6
4294967279,520
516,5
4294967279,518
4294967279,517
516,4
516,3
516,2
516,1
4294967278,405
4294967279,516
4294967279,515
4294967279,514
4294967279,251
4294967279,572
515,5
4294967279,120
4294967279,249
515,4
4294967279,248
515,3
515,2
515,1
4294967279,317
4294967279,247
4294967279,245
4294967279,243
4294967279,241
514,4
514,3
514,2
514,1
4294967278,239
4294967279,239
4294967294,470
4294967294,468
4294967279,115
4294967279,322
4294967278,360
4294967279,114
4294967279,238
4294967278,322
4294967279,113
4294967279,380
4294967278,235
4294967279,112
4294967279,234
4294967278,411
4294967279,111
4294967279,232
4294967278,231
4294967279,110
4294967279,375
4294967278,221
4294967279,109
4294967279,228
4294967278,227
4294967279,108
4294967279,371
4294967279,107
4294967279,224
4294967279,106
4294967279,378
4294967294,1091
4294967294,1003
4294967278,219
4294967278,398
4294967279,105
4294967279,355
4294967294,10
4294967294,1088
4294967294,1015
4294967294,1011
4294967294,1010
4294967294,1008
4294967294,1007
4294967294,1006
4294967294,996
4294967294,528
4294967294,419
4294967294,188
4294967294,179
4294967294,173
4294967294,170
4294967294,163
4294967294,162
4294967279,217
4294967279,215
4294967278,43
4294967278,42
4294967278,40
4294967278,39
4294967278,38
4294967278,37
4294967278,36
4294967278,35
4294967278,33
4294967278,32
4294967278,31
4294967278,29
4294967278,341
4294967278,27
4294967278,26
4294967278,271
